800 2994 300
1 800
1 457 5
1 357 1
1 163 6
1 22 4
1 13 9
1 11 8
1 10 6
1 8 7
1 2 7
1 3 6
1 4 4
1 5 6
1 6 3
1 7 10
2 552 1
2 77 6
2 166 1
2 263 3
2 691 9
2 24 4
2 3 8
2 4 1
2 5 7
2 6 4
2 7 2
3 695 8
3 32 2
3 30 8
3 26 2
3 4 7
3 5 9
3 6 10
3 7 6
4 36 5
4 5 4
4 6 6
4 7 1
5 263 10
5 553 3
5 42 5
5 40 8
5 38 10
5 6 1
5 7 6
6 745 8
6 613 3
6 452 3
6 614 7
6 64 6
6 57 2
6 55 6
6 54 8
6 50 5
6 48 9
6 7 3
7 71 6
7 742 2
7 69 8
7 67 8
9 10 9
12 13 7
12 14 4
12 15 1
12 16 9
12 17 8
12 18 1
12 19 2
12 20 6
13 14 9
13 15 5
13 16 9
13 17 3
13 18 8
13 19 1
13 20 3
14 15 1
14 16 4
14 17 2
14 18 10
14 19 9
14 20 1
15 16 5
15 17 6
15 18 10
15 19 5
15 20 10
16 17 5
16 18 1
16 19 1
16 20 5
17 18 8
17 19 2
17 20 2
18 19 1
18 20 9
19 20 4
21 22 4
23 24 5
23 25 7
24 25 4
27 28 7
27 29 4
27 30 5
28 29 3
28 30 10
29 30 10
31 32 1
31 33 4
31 34 2
32 33 8
32 34 10
33 34 6
35 36 1
35 37 2
36 37 8
38 39 8
41 42 7
41 43 1
41 44 1
41 45 9
41 46 2
42 43 2
42 44 1
42 45 2
42 46 4
43 44 8
43 45 3
43 46 10
44 45 4
44 46 1
45 46 2
47 48 9
47 49 10
48 49 9
50 51 10
50 52 3
51 52 8
53 54 9
55 56 8
57 58 7
57 59 2
57 60 4
58 59 8
58 60 8
59 60 2
61 62 3
61 63 8
61 64 4
62 63 6
62 64 5
63 64 9
65 66 3
65 67 4
65 68 1
66 67 8
66 68 2
67 68 7
69 70 10
71 556 6
71 614 5
71 744 8
71 86 4
71 82 10
71 80 2
71 72 5
71 73 2
71 74 9
71 75 2
71 76 5
71 77 3
71 78 6
71 79 7
72 351 2
72 553 1
72 100 1
72 93 8
72 92 1
72 89 1
72 73 5
72 74 5
72 75 10
72 76 9
72 77 5
72 78 1
72 79 6
73 617 7
73 360 5
73 102 4
73 74 2
73 75 2
73 76 3
73 77 4
73 78 9
73 79 3
74 693 7
74 264 3
74 109 2
74 106 2
74 75 8
74 76 9
74 77 6
74 78 4
74 79 3
75 121 10
75 118 6
75 115 3
75 110 2
75 76 1
75 77 1
75 78 8
75 79 6
76 164 1
76 161 3
76 691 7
76 130 8
76 129 10
76 122 4
76 77 4
76 78 3
76 79 6
77 454 7
77 459 6
77 144 7
77 141 4
77 139 4
77 135 4
77 134 3
77 131 6
77 78 5
77 79 1
78 263 5
78 155 2
78 151 3
78 149 5
78 79 7
79 746 3
79 159 6
81 82 5
81 83 10
82 83 4
84 85 5
84 86 6
84 87 5
84 88 9
85 86 1
85 87 2
85 88 7
86 87 6
86 88 2
87 88 10
89 90 7
89 91 6
90 91 3
93 94 3
93 95 6
93 96 10
93 97 10
94 95 4
94 96 1
94 97 9
95 96 10
95 97 2
96 97 4
98 99 10
98 100 3
99 100 10
101 102 10
101 103 6
102 103 9
104 105 6
104 106 9
104 107 10
105 106 3
105 107 4
106 107 7
108 109 5
111 112 8
111 113 7
111 114 4
111 115 5
112 113 9
112 114 2
112 115 10
113 114 9
113 115 8
114 115 7
116 117 1
116 118 5
116 119 10
117 118 6
117 119 8
118 119 9
120 121 3
122 123 5
122 124 9
123 124 10
125 126 7
125 127 7
125 128 4
125 129 5
126 127 8
126 128 10
126 129 1
127 128 10
127 129 3
128 129 6
131 132 4
131 133 9
132 133 5
135 136 6
137 138 4
137 139 7
138 139 7
140 141 10
142 143 5
142 144 10
142 145 3
142 146 10
142 147 4
142 148 4
143 144 1
143 145 7
143 146 9
143 147 9
143 148 8
144 145 1
144 146 7
144 147 5
144 148 1
145 146 9
145 147 3
145 148 1
146 147 7
146 148 4
147 148 7
149 150 3
151 152 5
151 153 3
151 154 5
152 153 10
152 154 7
153 154 10
155 156 6
155 157 8
156 157 4
158 159 7
158 160 8
159 160 2
161 268 9
161 744 6
161 180 3
161 177 8
161 173 4
161 171 8
161 162 6
161 163 5
161 164 10
161 165 1
161 166 8
161 167 5
161 168 6
161 169 3
161 170 6
162 613 9
162 695 4
162 194 10
162 190 1
162 187 2
162 185 8
162 163 3
162 164 2
162 165 1
162 166 5
162 167 1
162 168 2
162 169 8
162 170 5
163 614 6
163 556 3
163 209 6
163 204 5
163 203 10
163 201 6
163 195 7
163 164 1
163 165 8
163 166 8
163 167 2
163 168 2
163 169 2
163 170 1
164 210 5
164 165 4
164 166 3
164 167 5
164 168 8
164 169 1
164 170 3
165 221 4
165 219 9
165 215 5
165 166 4
165 167 7
165 168 2
165 169 5
165 170 10
166 222 3
166 167 4
166 168 2
166 169 8
166 170 10
167 554 5
167 452 2
167 453 3
167 227 6
167 225 8
167 168 3
167 169 6
167 170 5
168 353 7
168 267 9
168 241 7
168 235 3
168 234 5
168 233 6
168 169 4
168 170 1
169 746 10
169 251 10
169 247 1
169 243 5
169 170 7
170 694 4
170 356 2
170 257 9
170 255 7
170 252 3
171 172 1
173 174 2
175 176 10
175 177 6
176 177 6
178 179 10
178 180 8
178 181 10
178 182 8
179 180 3
179 181 5
179 182 9
180 181 8
180 182 7
181 182 8
183 184 1
183 185 3
183 186 4
184 185 3
184 186 1
185 186 10
187 188 7
187 189 9
188 189 1
190 191 10
190 192 4
191 192 3
193 194 6
196 197 5
196 198 3
196 199 2
196 200 9
196 201 10
196 202 4
197 198 8
197 199 4
197 200 10
197 201 4
197 202 8
198 199 3
198 200 8
198 201 7
198 202 1
199 200 10
199 201 6
199 202 9
200 201 7
200 202 1
201 202 3
204 205 8
204 206 6
204 207 2
204 208 3
205 206 1
205 207 2
205 208 9
206 207 2
206 208 10
207 208 4
210 211 8
210 212 8
211 212 8
213 214 4
213 215 4
213 216 7
214 215 6
214 216 6
215 216 6
217 218 5
217 219 4
217 220 1
218 219 3
218 220 4
219 220 7
222 223 1
222 224 7
223 224 4
225 226 10
227 228 4
227 229 5
227 230 10
228 229 9
228 230 6
229 230 4
231 232 10
231 233 3
232 233 3
235 236 4
235 237 5
235 238 8
235 239 5
235 240 6
236 237 9
236 238 5
236 239 2
236 240 7
237 238 1
237 239 2
237 240 5
238 239 6
238 240 3
239 240 8
241 242 9
243 244 6
245 246 10
245 247 7
245 248 6
245 249 6
245 250 8
246 247 5
246 248 7
246 249 3
246 250 7
247 248 1
247 249 9
247 250 8
248 249 6
248 250 9
249 250 4
253 254 3
253 255 9
254 255 1
256 257 3
256 258 8
256 259 2
256 260 9
257 258 5
257 259 7
257 260 2
258 259 1
258 260 5
259 260 7
261 611 10
261 274 7
261 272 7
261 262 6
261 263 4
261 264 9
261 265 1
261 266 4
261 267 5
261 268 4
261 269 8
262 552 8
262 280 6
262 277 7
262 263 10
262 264 10
262 265 2
262 266 7
262 267 3
262 268 9
262 269 6
263 741 2
263 351 6
263 455 8
263 290 8
263 288 5
263 286 8
263 283 5
263 264 10
263 265 2
263 266 8
263 267 1
263 268 6
263 269 7
264 611 2
264 299 4
264 295 7
264 265 3
264 266 6
264 267 6
264 268 1
264 269 10
265 351 5
265 314 4
265 312 5
265 309 1
265 306 10
265 300 10
265 266 5
265 267 4
265 268 6
265 269 5
266 551 7
266 460 9
266 325 3
266 322 7
266 321 8
266 317 7
266 267 5
266 268 7
266 269 1
267 745 6
267 327 9
267 268 10
267 269 5
268 693 4
268 331 4
268 269 1
269 693 3
269 350 7
269 346 2
269 342 5
269 341 8
269 335 7
269 334 1
270 271 5
270 272 6
270 273 4
271 272 4
271 273 8
272 273 8
274 275 8
276 277 8
278 279 3
278 280 1
278 281 1
279 280 1
279 281 8
280 281 2
282 283 3
282 284 1
282 285 3
283 284 7
283 285 6
284 285 3
287 288 7
287 289 6
288 289 5
290 291 10
290 292 4
290 293 1
291 292 5
291 293 2
292 293 2
294 295 9
294 296 8
294 297 6
295 296 1
295 297 7
296 297 3
298 299 10
300 301 4
302 303 3
302 304 10
302 305 4
302 306 5
303 304 4
303 305 9
303 306 7
304 305 10
304 306 1
305 306 1
307 308 1
307 309 9
307 310 3
308 309 4
308 310 4
309 310 9
311 312 5
311 313 7
312 313 5
315 316 6
315 317 4
315 318 5
315 319 2
316 317 8
316 318 7
316 319 2
317 318 7
317 319 10
318 319 5
320 321 7
323 324 3
323 325 9
323 326 10
324 325 1
324 326 2
325 326 3
327 328 2
327 329 6
328 329 9
330 331 3
330 332 2
331 332 9
333 334 8
335 336 1
337 338 1
337 339 9
337 340 5
337 341 3
338 339 3
338 340 3
338 341 2
339 340 4
339 341 6
340 341 5
342 343 6
344 345 8
344 346 8
345 346 7
347 348 8
347 349 6
347 350 1
348 349 6
348 350 1
349 350 6
351 611 2
351 362 3
351 352 9
351 353 4
351 354 9
351 355 5
351 356 1
351 357 2
351 358 6
351 359 10
351 360 4
352 371 6
352 366 2
352 364 9
352 353 5
352 354 1
352 355 4
352 356 7
352 357 5
352 358 6
352 359 7
352 360 8
353 377 9
353 374 10
353 373 8
353 354 8
353 355 6
353 356 6
353 357 8
353 358 8
353 359 1
353 360 1
354 457 5
354 384 8
354 382 7
354 355 4
354 356 7
354 357 9
354 358 4
354 359 7
354 360 1
355 742 6
355 394 8
355 392 1
355 388 4
355 356 9
355 357 9
355 358 5
355 359 7
355 360 5
356 742 6
356 452 5
356 556 2
356 411 9
356 408 3
356 404 4
356 400 10
356 397 5
356 357 9
356 358 1
356 359 3
356 360 9
357 692 1
357 413 9
357 358 9
357 359 10
357 360 1
358 419 7
358 416 9
358 359 9
358 360 2
359 553 10
359 440 5
359 438 7
359 434 3
359 433 8
359 429 7
359 425 3
359 422 1
359 360 3
360 618 1
360 695 8
360 450 4
360 448 4
360 446 7
361 362 2
361 363 6
362 363 5
364 365 3
366 367 6
366 368 2
366 369 6
367 368 5
367 369 3
368 369 4
370 371 6
370 372 6
371 372 5
375 376 5
375 377 2
375 378 8
375 379 6
375 380 3
375 381 5
376 377 4
376 378 10
376 379 6
376 380 8
376 381 3
377 378 7
377 379 6
377 380 4
377 381 8
378 379 6
378 380 9
378 381 7
379 380 7
379 381 10
380 381 1
382 383 4
384 385 1
384 386 5
384 387 2
385 386 9
385 387 6
386 387 2
388 389 5
388 390 8
389 390 4
391 392 2
391 393 3
392 393 1
394 395 3
394 396 4
395 396 4
397 398 7
399 400 9
399 401 4
399 402 6
399 403 10
400 401 6
400 402 1
400 403 7
401 402 5
401 403 10
402 403 2
404 405 9
404 406 8
404 407 1
405 406 5
405 407 5
406 407 4
408 409 5
408 410 6
409 410 10
412 413 1
412 414 10
413 414 8
415 416 5
417 418 4
417 419 8
417 420 3
418 419 6
418 420 5
419 420 1
421 422 3
421 423 4
421 424 5
422 423 4
422 424 5
423 424 7
425 426 1
425 427 3
425 428 9
426 427 2
426 428 5
427 428 3
429 430 10
431 432 5
431 433 6
432 433 1
434 435 10
434 436 7
435 436 8
437 438 4
437 439 8
438 439 7
440 441 5
442 443 2
442 444 5
442 445 4
442 446 5
442 447 7
443 444 6
443 445 7
443 446 6
443 447 2
444 445 6
444 446 1
444 447 2
445 446 2
445 447 8
446 447 2
448 449 6
451 741 1
451 480 7
451 475 10
451 473 9
451 469 7
451 467 10
451 465 4
451 462 3
451 461 2
451 452 9
451 453 6
451 454 8
451 455 7
451 456 5
451 457 4
451 458 1
451 459 4
451 460 8
452 744 2
452 493 7
452 487 8
452 485 4
452 453 3
452 454 7
452 455 9
452 456 2
452 457 3
452 458 2
452 459 4
452 460 6
453 495 9
453 454 8
453 455 3
453 456 4
453 457 2
453 458 3
453 459 7
453 460 7
454 551 7
454 499 2
454 497 5
454 455 3
454 456 2
454 457 5
454 458 6
454 459 7
454 460 3
455 507 5
455 506 6
455 456 5
455 457 1
455 458 5
455 459 3
455 460 6
456 694 3
456 555 10
456 517 7
456 514 8
456 511 5
456 509 5
456 457 1
456 458 2
456 459 3
456 460 1
457 522 8
457 458 9
457 459 2
457 460 5
458 692 4
458 524 8
458 459 9
458 460 7
459 618 9
459 615 6
459 533 4
459 531 3
459 527 9
459 460 9
460 550 1
460 546 1
460 542 10
460 539 10
460 536 2
463 464 8
463 465 1
463 466 2
464 465 10
464 466 6
465 466 5
468 469 5
468 470 3
469 470 2
471 472 3
471 473 9
472 473 8
474 475 2
474 476 1
474 477 6
474 478 1
475 476 1
475 477 2
475 478 10
476 477 7
476 478 6
477 478 6
479 480 8
479 481 5
479 482 9
479 483 5
479 484 5
480 481 8
480 482 9
480 483 2
480 484 5
481 482 6
481 483 3
481 484 4
482 483 3
482 484 5
483 484 4
485 486 2
487 488 10
487 489 6
487 490 2
488 489 9
488 490 1
489 490 7
491 492 3
491 493 3
492 493 4
494 495 5
494 496 8
495 496 3
498 499 10
498 500 3
498 501 2
498 502 8
499 500 4
499 501 7
499 502 4
500 501 1
500 502 10
501 502 10
503 504 10
503 505 10
503 506 10
504 505 6
504 506 2
505 506 4
507 508 8
509 510 7
512 513 3
512 514 1
512 515 2
512 516 5
513 514 3
513 515 6
513 516 7
514 515 3
514 516 1
515 516 3
517 518 1
517 519 6
517 520 7
518 519 8
518 520 1
519 520 6
521 522 3
521 523 8
522 523 5
524 525 10
524 526 1
525 526 2
527 528 4
529 530 10
529 531 1
529 532 10
530 531 8
530 532 8
531 532 5
533 534 9
533 535 10
534 535 7
536 537 8
536 538 8
537 538 4
540 541 9
540 542 1
541 542 3
543 544 10
543 545 7
543 546 6
543 547 10
543 548 1
543 549 7
544 545 8
544 546 1
544 547 10
544 548 4
544 549 1
545 546 1
545 547 3
545 548 10
545 549 6
546 547 9
546 548 6
546 549 6
547 548 6
547 549 3
548 549 1
551 617 6
551 561 4
551 557 9
551 552 6
551 553 4
551 554 5
551 555 7
551 556 4
552 741 7
552 564 9
552 553 10
552 554 7
552 555 1
552 556 10
553 617 9
553 567 6
553 554 6
553 555 10
553 556 8
554 746 5
554 584 2
554 582 7
554 576 1
554 573 4
554 572 7
554 571 1
554 555 9
554 556 9
555 596 6
555 593 5
555 591 8
555 587 1
555 556 10
556 694 8
556 691 8
556 609 1
556 607 4
556 604 9
556 600 2
558 559 9
558 560 2
558 561 7
558 562 9
559 560 3
559 561 3
559 562 8
560 561 10
560 562 4
561 562 1
563 564 6
563 565 3
564 565 1
566 567 7
566 568 2
567 568 6
569 570 10
569 571 1
570 571 3
573 574 2
573 575 6
574 575 5
576 577 6
576 578 1
577 578 4
579 580 9
579 581 9
579 582 6
579 583 10
580 581 7
580 582 1
580 583 9
581 582 4
581 583 6
582 583 8
584 585 9
584 586 6
585 586 3
588 589 8
588 590 8
588 591 6
589 590 10
589 591 4
590 591 3
592 593 4
594 595 6
594 596 10
594 597 8
594 598 5
595 596 3
595 597 7
595 598 2
596 597 8
596 598 9
597 598 9
599 600 10
599 601 4
599 602 6
600 601 8
600 602 4
601 602 1
603 604 9
603 605 7
603 606 7
604 605 6
604 606 8
605 606 10
608 609 2
608 610 9
609 610 8
611 629 1
611 627 1
611 623 7
611 619 1
611 612 7
611 613 4
611 614 4
611 615 10
611 616 8
611 617 10
611 618 10
612 695 10
612 633 5
612 613 5
612 614 10
612 615 1
612 616 5
612 617 1
612 618 5
613 693 10
613 643 8
613 641 9
613 637 7
613 634 2
613 614 5
613 615 6
613 616 3
613 617 7
613 618 3
614 654 2
614 649 1
614 646 3
614 615 2
614 616 10
614 617 5
614 618 7
615 741 4
615 676 6
615 670 2
615 665 10
615 664 6
615 663 9
615 661 9
615 659 4
615 657 7
615 616 7
615 617 4
615 618 1
616 683 6
616 680 10
616 617 2
616 618 2
617 744 1
617 687 4
617 618 7
618 689 1
620 621 5
620 622 1
620 623 9
620 624 6
621 622 4
621 623 8
621 624 2
622 623 2
622 624 6
623 624 9
625 626 6
625 627 3
626 627 8
628 629 8
628 630 2
629 630 2
631 632 8
631 633 1
632 633 6
635 636 3
635 637 3
636 637 3
638 639 10
638 640 9
638 641 7
638 642 10
639 640 1
639 641 10
639 642 2
640 641 6
640 642 8
641 642 2
643 644 3
643 645 8
644 645 2
646 647 6
646 648 7
647 648 9
649 650 4
649 651 7
650 651 3
652 653 10
652 654 2
653 654 6
655 656 10
655 657 8
656 657 4
658 659 6
660 661 9
660 662 10
661 662 7
666 667 2
666 668 7
666 669 5
666 670 3
667 668 1
667 669 2
667 670 4
668 669 10
668 670 10
669 670 5
671 672 9
671 673 3
671 674 5
671 675 2
671 676 2
671 677 8
671 678 10
672 673 7
672 674 4
672 675 5
672 676 4
672 677 1
672 678 3
673 674 5
673 675 1
673 676 2
673 677 1
673 678 3
674 675 4
674 676 7
674 677 10
674 678 9
675 676 6
675 677 1
675 678 2
676 677 3
676 678 8
677 678 4
679 680 4
679 681 4
679 682 10
680 681 4
680 682 10
681 682 1
683 684 10
685 686 9
685 687 10
686 687 2
688 689 3
688 690 4
689 690 4
691 698 4
691 692 4
691 693 9
691 694 4
691 695 7
692 742 7
692 707 8
692 704 2
692 699 6
692 693 4
692 694 6
692 695 1
693 723 9
693 722 10
693 715 2
693 713 10
693 710 3
693 708 6
693 694 1
693 695 6
694 744 10
694 730 7
694 728 5
694 695 4
695 739 8
695 738 2
695 733 7
696 697 3
696 698 6
697 698 5
699 700 2
699 701 3
699 702 6
700 701 6
700 702 6
701 702 7
703 704 2
703 705 2
704 705 1
706 707 6
708 709 3
710 711 8
710 712 4
711 712 2
714 715 10
714 716 1
714 717 9
714 718 5
715 716 1
715 717 1
715 718 2
716 717 2
716 718 5
717 718 1
719 720 10
719 721 9
719 722 4
720 721 1
720 722 10
721 722 1
723 724 8
723 725 10
724 725 3
726 727 4
726 728 10
726 729 4
727 728 4
727 729 6
728 729 8
730 731 6
732 733 6
734 735 8
734 736 5
734 737 6
734 738 10
735 736 6
735 737 6
735 738 10
736 737 1
736 738 6
737 738 8
739 740 5
741 751 6
741 747 4
741 742 9
741 743 2
741 744 1
741 745 10
741 746 5
742 765 4
742 764 3
742 759 10
742 756 2
742 753 10
742 743 1
742 744 8
742 745 6
742 746 10
743 768 3
743 744 8
743 745 2
743 746 2
744 785 9
744 784 3
744 783 4
744 775 9
744 772 6
744 745 8
744 746 4
745 791 5
745 788 3
745 746 5
746 800 2
746 798 9
746 792 3
747 748 7
747 749 1
747 750 2
748 749 9
748 750 10
749 750 10
751 752 9
754 755 6
754 756 6
754 757 5
755 756 7
755 757 7
756 757 9
758 759 8
758 760 8
759 760 9
761 762 10
761 763 5
761 764 9
762 763 7
762 764 6
763 764 4
765 766 3
765 767 10
766 767 6
768 769 1
768 770 8
769 770 2
771 772 6
771 773 8
772 773 4
774 775 4
774 776 6
774 777 4
774 778 2
775 776 2
775 777 5
775 778 1
776 777 3
776 778 2
777 778 10
779 780 3
779 781 6
779 782 3
779 783 4
780 781 4
780 782 6
780 783 6
781 782 10
781 783 6
782 783 7
786 787 3
786 788 4
786 789 5
786 790 5
787 788 1
787 789 4
787 790 1
788 789 2
788 790 7
789 790 5
792 793 6
792 794 4
792 795 5
793 794 3
793 795 1
794 795 6
796 797 6
796 798 2
796 799 5
797 798 5
797 799 2
798 799 5
554 742 1
459 166 5
2 264 8
618 356 7
358 453 3
454 693 7
264 73 8
745 611 6
1 554 6
352 556 1
554 419 4
166 37 3
618 584 7
453 56 4
693 639 5
745 337 6
1 757 5
556 448 9
169 302 5
79 737 8
741 87 2
616 382 2
268 211 9
456 387 1
163 676 9
455 40 6
616 768 10
72 311 4
615 183 6
167 15 3
553 584 1
744 672 5
356 277 9
691 481 4
695 448 10
358 713 9
263 233 8
170 340 8
743 477 1
263 56 5
451 557 6
360 579 8
457 549 9
166 85 10
168 336 8
3 295 3
73 737 4
556 302 10
743 132 8
742 382 4
454 59 9
617 522 10
7 20 3
261 487 6
266 760 5
73 607 7
76 592 6
75 708 7
615 633 4
555 106 1
611 680 2
5 172 3
357 740 7
265 95 3
359 155 1
743 127 10
613 593 9
552 287 1
459 598 2
692 585 5
77 137 7
78 483 8
7 509 5
351 130 10
73 176 3
451 711 8
555 371 2
78 751 1
269 675 1
2 346 9
553 62 8
693 347 2
170 313 5
452 26 2
554 122 8
267 520 6
618 192 4
76 698 7
74 243 6
269 594 8
694 637 5
161 62 5
76 628 3
1 512 4
5 628 5
691 705 3
452 102 9
73 236 4
611 547 6
616 326 5
556 653 3
611 604 6
695 65 7
266 233 3
162 92 5
553 776 10
554 483 6
266 41 5
453 327 2
613 626 10
551 792 3
618 533 8
692 178 5
453 278 7
166 270 3
457 788 7
266 391 10
162 558 9
551 574 8
269 18 7
79 184 1
457 414 9
71 791 4
353 653 9
169 215 2
742 259 8
692 345 1
161 201 6
693 517 3
170 381 8
554 509 6
167 629 2
166 437 9
351 619 8
167 666 3
5 774 8
161 338 10
162 385 3
268 107 5
552 97 7
695 472 3
692 260 10
745 665 1
71 393 3
556 191 2
353 697 8
555 40 4
75 203 2
268 544 9
268 317 6
612 253 10
167 414 6
455 69 6
359 194 3
613 726 5
4 373 4
552 316 8
359 337 3
615 304 7
165 60 3
163 572 8
3 450 8
77 21 5
73 471 1
3 540 8
457 426 2
166 256 8
354 288 2
355 639 4
76 536 7
72 274 4
268 85 6
458 350 5
741 607 5
355 35 5
165 108 4
161 228 2
7 314 1
694 770 6
454 579 7
454 58 10
459 228 2
692 32 9
262 303 5
743 254 10
262 758 4
694 102 8
166 576 3
457 338 2
351 132 1
695 712 7
617 205 8
166 595 10
268 214 7
355 128 2
265 516 4
73 122 4
170 503 5
77 242 10
694 697 1
742 599 9
355 748 10
264 190 7
169 122 6
612 377 7
166 769 7
456 52 9
164 641 2
76 489 3
617 669 10
269 569 3
162 518 9
354 26 7
163 546 9
556 200 8
614 136 8
614 335 10
358 373 8
169 321 2
743 450 10
555 212 1
691 720 3
162 594 6
357 509 7
262 798 9
695 57 1
73 153 7
551 402 5
457 239 9
616 139 7
613 241 8
265 227 7
264 793 8
453 160 9
611 579 3
460 320 4
165 24 1
264 42 8
695 367 5
264 45 4
5 480 3
357 517 9
457 196 3
741 480 10
617 388 7
265 688 5
74 751 6
269 648 7
266 591 8
164 195 4
692 606 4
354 440 1
551 421 8
741 114 1
72 729 9
693 301 10
694 58 7
73 399 2
167 664 6
71 433 1
555 413 2
267 349 3
456 503 6
79 225 1
169 86 8
75 638 10
74 631 8
75 259 3
552 509 2
266 279 8
168 299 6
456 208 9
458 515 8
352 609 6
459 15 7
551 54 6
265 64 1
74 634 4
743 31 8
169 87 8
165 755 6
79 435 9
261 377 6
453 661 7
692 10 5
691 522 2
742 637 3
555 408 10
746 114 5
744 654 2
7 515 8
3 788 10
453 16 3
458 179 7
616 338 4
616 101 3
3 154 3
618 312 9
352 26 6
452 317 7
456 46 1
613 768 2
354 568 6
351 639 4
744 736 1
552 403 1
267 787 4
745 336 8
267 176 3
553 665 3
6 788 6
555 251 3
5 107 4
691 466 8
5 583 1
170 677 8
617 735 9
454 585 8
75 85 10
691 46 7
551 489 3
692 751 10
694 326 4
744 106 3
613 734 6
694 800 10
1 132 6
614 36 3
457 577 7
262 246 8
7 677 1
691 173 6
742 14 7
72 796 9
170 475 10
5 8 2
355 85 7
168 661 6
2 514 5
167 493 8
165 365 1
691 711 8
264 734 4
612 787 8
618 790 6
553 135 2
553 59 7
360 507 1
76 345 4
268 701 5
618 141 5
552 671 9
555 463 3
165 183 9
694 55 8
458 510 2
454 675 2
454 557 5
617 781 9
6 752 5
552 448 7
694 303 9
459 247 9
262 89 1
268 30 9
2 390 8
555 536 7
72 292 5
74 425 10
4 701 3
695 537 7
358 44 3
75 510 3
694 420 7
612 20 8
7 481 2
2 232 2
554 236 7
7 785 4
168 442 10
265 83 6
452 9 9
74 307 9
360 641 9
743 560 1
458 182 1
611 526 5
360 53 4
78 619 2
5 101 3
553 147 7
358 282 7
71 424 5
4 434 3
264 137 4
460 443 3
616 526 8
3 570 1
3 528 9
555 24 2
5 575 9
7 236 1
79 621 8
75 502 7
357 494 4
692 34 6
261 486 5
351 141 10
78 782 1
741 689 10
744 748 1
691 724 7
261 217 6
357 184 3
72 641 1
743 650 5
357 586 3
695 53 3
79 270 4
6 419 6
165 254 5
78 285 8
79 520 6
165 785 5
612 528 2
745 294 5
7 98 7
78 675 8
262 562 10
351 433 9
741 464 3
358 711 8
7 60 4
745 598 4
74 300 9
453 783 4
618 17 6
3 718 2
164 152 2
169 136 6
267 752 6
691 367 1
261 646 3
4 776 7
6 562 7
79 415 8
261 379 8
458 589 6
741 714 10
743 659 2
458 565 7
458 777 5
612 522 1
79 391 7
691 772 6
357 405 9
551 135 2
693 41 5
745 663 6
268 370 4
458 34 6
455 708 6
262 140 8
743 188 2
353 752 1
74 562 5
355 606 9
164 35 6
352 249 7
352 633 4
741 313 6
357 399 7
692 627 1
745 19 9
453 632 9
1 732 10
75 441 8
552 220 7
551 465 8
358 599 7
460 405 8
617 301 3
614 59 3
746 96 10
4 755 6
618 526 1
746 389 1
352 147 9
691 185 2
741 636 10
746 70 8
4 524 5
616 17 9
168 444 1
261 641 1
616 307 10
460 97 8
353 350 8
262 446 4
745 513 8
4 722 3
353 750 6
1 385 2
552 728 4
745 37 7
612 566 2
460 684 1
79 715 4
358 240 8
267 278 6
552 158 6
358 461 7
261 582 2
553 199 5
354 576 5
3 775 4
261 127 9
71 668 3
455 321 3
78 404 6
746 450 1
355 763 4
617 226 1
614 662 5
3 646 2
618 320 9
352 683 9
616 572 7
455 638 8
354 524 3
267 671 1
695 714 10
354 423 7
551 130 2
262 410 6
267 341 9
612 288 1
553 702 6
612 661 5
360 412 2
746 68 4
78 626 6
743 374 8
745 800 6
616 124 1
2 92 3
743 58 3
2 384 1
4 424 4
553 676 6
552 207 8
4 251 8
743 752 4
743 440 6
353 468 10
612 300 2
354 252 8
614 532 2
2 584 1
746 639 8
164 244 3
614 375 1
455 301 2
353 83 5
4 441 5
352 674 3
551 438 4
612 776 1
455 582 9
164 123 6
746 621 8
455 796 7
746 748 6
4 705 3
164 681 1
4 247 1
267 610 3
4 427 7
164 24 9
164 342 10
245 441 3
419 118 7
537 37 1
434 761 8
584 677 3
56 527 6
659 639 5
534 799 2
337 97 4
334 757 6
336 706 10
448 121 5
479 302 8
471 546 6
737 270 3
540 87 2
608 99 8
382 489 10
300 211 2
506 605 9
387 26 9
199 676 8
325 431 3
40 787 9
422 768 9
374 380 4
311 172 5
490 183 7
119 777 1
15 333 4
221 584 4
363 699 9
672 48 1
474 277 4
385 288 7
481 470 4
86 448 1
770 205 6
713 784 7
663 233 6
151 506 10
340 473 10
469 477 2
324 344 3
56 413 5
780 557 8
318 197 7
579 156 1
347 549 5
732 619 6
85 61 3
382 336 7
490 651 1
295 738 1
424 737 7
42 478 3
302 642 1
759 132 8
501 316 8
382 175 1
244 59 3
627 786 1
522 518 3
398 20 9
52 385 1
487 717 2
550 760 8
140 626 2
607 143 4
372 592 3
511 499 6
708 379 10
671 633 6
643 242 4
106 305 9
479 680 1
135 48 7
172 98 1
322 740 7
681 315 1
95 218 9
252 155 3
239 541 3
127 772 6
774 593 1
38 346 2
287 41 6
465 598 10
526 18 7
585 754 7
44 137 1
121 251 4
483 131 4
337 509 10
733 128 1
130 557 2
504 176 1
585 295 2
711 369 3
200 371 1
702 63 9
751 791 4
122 675 2
193 547 6
346 789 4
189 62 1
221 396 1
347 491 7
425 313 10
417 606 1
26 419 2
605 122 1
420 391 4
520 56 3
301 192 3
184 103 6
698 338 5
409 243 3
402 82 8
594 17 2
184 637 5
315 348 1
62 59 10
708 628 1
335 280 6
512 46 10
116 628 9
39 49 3
705 365 1
636 102 2
128 325 4
236 497 10
442 547 6
740 520 8
326 757 2
512 653 4
111 493 5
604 273 3
372 65 5
340 241 9
233 635 2
769 92 10
421 502 2
776 42 5
341 483 2
698 346 8
41 422 6
518 327 9
767 84 2
626 630 7
705 792 7
176 228 4
533 681 10
584 178 5
61 685 1
278 535 8
423 270 4
70 476 1
788 584 8
585 391 7
428 25 2
558 760 4
329 574 6
478 120 5
18 214 5
16 184 8
327 398 9
414 787 2
397 791 2
754 797 3
653 22 3
401 215 5
589 582 9
259 132 6
124 345 3
305 432 5
201 344 7
158 517 6
660 20 7
381 229 1
312 509 8
699 362 5
629 491 8
377 437 5
739 753 10
619 160 7
558 666 2
208 771 6
774 43 7
606 338 9
117 666 3
385 536 6
464 107 10
33 466 7
97 663 1
337 472 5
730 478 10
260 472 6
750 665 5
272 303 10
393 775 4
182 191 1
524 273 2
697 524 6
306 40 5
140 48 4
203 546 2
769 544 2
249 461 7
317 735 1
661 253 7
771 289 3
414 755 10
104 69 2
204 594 9
194 508 7
711 726 8
684 430 5
373 425 5
663 316 3
218 82 1
337 635 10
540 304 5
227 798 7
60 409 7
325 572 10
589 539 7
450 175 7
302 21 2
485 47 5
471 124 8
428 540 5
559 720 4
426 29 6
750 256 9
609 414 7
288 779 1
687 639 4
134 549 10
536 329 10
629 274 7
758 52 4
85 180 8
596 350 6
415 547 9
607 115 3
441 35 1
511 800 6
108 706 3
339 228 3
50 199 6
314 81 3
47 770 1
61 137 1
579 505 1
780 58 8
632 681 1
228 416 5
680 32 3
215 221 3
303 630 4
477 254 3
259 17 10
758 245 5
591 102 2
610 275 2
576 420 9
558 338 10
405 687 3
132 15 8
49 712 9
501 438 7
205 470 5
488 595 6
94 755 4
214 631 6
708 128 7
233 642 6
516 347 6
183 122 2
508 490 6
503 377 3
567 242 2
579 51 3
697 404 9
194 599 9
225 60 7
748 288 5
100 190 3
730 511 8
122 750 1
346 377 3
237 233 8
769 132 10
763 52 1
25 785 9
641 735 1
311 489 1
311 591 7
669 518 4
235 569 8
421 607 10
518 600 1
706 26 8
105 737 6
546 143 4
600 200 4
341 523 3
136 291 3
290 335 5
721 779 3
373 771 9
511 321 6
282 477 1
450 287 5
690 212 8
385 70 1
720 88 9
594 15 10
322 509 10
796 345 6
798 281 9
720 57 5
729 291 7
153 184 8
332 402 9
774 115 7
239 250 2
173 139 3
109 520 5
241 104 2
41 227 7
607 621 7
793 133 5
241 160 2
327 630 5
579 255 7
89 320 2
671 89 6
24 797 1
673 42 10
127 260 7
367 791 9
639 45 7
63 117 2
480 531 2
438 517 3
584 790 8
196 186 7
144 480 1
648 325 8
388 270 3
181 688 6
718 578 7
751 21 5
288 648 9
200 660 9
591 637 6
649 195 7
596 712 4
606 653 9
714 440 1
403 340 5
421 185 1
747 114 6
109 623 5
729 507 9
709 301 5
109 532 5
58 204 1
479 399 7
792 580 4
664 300 7
257 433 2
471 156 6
413 199 1
786 349 9
594 429 5
503 314 4
533 225 9
622 756 4
86 671 7
518 638 3
418 716 8
631 502 7
318 259 9
465 17 5
509 585 9
249 279 4
323 786 5
299 28 8
686 208 1
644 157 7
515 128 7
603 609 8
218 701 4
15 543 9
394 54 1
329 635 7
64 461 8
689 634 9
550 710 1
31 107 2
49 87 8
403 310 10
755 579 8
237 435 9
666 485 4
377 61 5
670 661 6
472 439 7
10 208 10
641 522 6
437 657 2
637 94 4
392 408 6
218 277 5
114 714 1
313 654 5
195 35 7
515 245 7
522 788 8
716 634 2
16 582 9
780 179 7
504 57 2
338 799 6
245 101 2
544 348 4
154 312 9
106 312 9
643 116 6
26 334 9
740 317 6
761 86 1
46 659 8
296 768 7
385 414 9
568 44 9
637 639 10
418 406 2
736 688 10
585 403 4
780 368 4
787 643 1
479 336 8
380 660 1
176 704 5
257 665 4
546 515 6
788 258 4
668 251 3
475 402 10
107 380 10
732 466 6
775 118 3
583 246 5
469 677 3
245 506 4
316 328 8
765 735 9
59 623 3
585 630 5
422 85 8
606 472 10
46 672 10
18 489 8
321 18 3
751 428 3
17 326 7
179 374 3
106 365 4
37 734 4
780 342 6
800 334 8
510 549 8
125 788 8
132 444 5
132 36 9
480 400 3
592 246 2
608 299 10
677 468 6
405 173 3
193 521 5
14 634 6
449 796 1
525 345 7
475 285 5
381 8 1
64 632 6
85 781 8
671 661 6
584 33 8
514 652 8
635 493 9
222 536 4
365 127 2
589 711 9
296 770 4
734 587 8
336 787 4
724 217 10
790 118 2
623 135 9
248 390 4
59 178 6
599 507 10
19 731 2
345 121 4
505 701 5
17 619 7
141 112 3
85 671 3
237 412 10
463 432 8
420 183 9
145 540 4
55 570 4
648 510 8
383 784 8
675 88 4
19 557 6
308 322 4
781 240 7
178 752 8
99 624 10
448 687 6
204 303 10
45 320 7
247 240 3
313 89 9
205 56 10
30 662 4
348 390 2
486 37 2
536 347 7
434 292 4
222 274 10
425 397 7
731 701 10
29 591 4
537 43 3
193 44 7
241 706 8
510 335 4
662 420 9
560 404 3
20 233 8
414 481 1
583 242 5
232 445 2
316 236 1
542 637 2
785 655 6
784 442 7
92 271 6
83 237 6
575 9 5
178 141 8
307 122 8
174 682 2
560 383 2
372 182 3
240 28 10
526 469 7
635 53 6
397 561 7
619 113 7
209 101 3
235 282 10
147 85 9
788 282 3
760 479 2
424 254 7
430 434 7
531 112 2
137 450 6
122 443 7
759 640 3
526 633 6
577 570 5
529 143 8
528 768 2
258 24 10
211 83 10
575 703 8
348 236 1
466 10 4
621 423 4
133 502 5
799 585 7
494 641 10
192 34 9
764 379 6
486 274 10
180 141 3
755 92 8
782 508 6
226 689 6
398 584 1
748 480 1
670 724 8
662 580 1
217 671 2
280 184 1
543 98 6
641 175 4
341 650 10
156 686 10
586 722 6
757 53 3
173 592 9
270 484 4
223 419 1
575 376 4
254 310 3
577 285 1
48 332 6
520 760 4
430 785 3
27 418 10
528 40 10
126 294 7
575 52 9
98 683 3
80 675 8
764 513 5
562 546 9
232 433 10
402 327 8
464 678 8
540 711 4
311 180 8
60 87 3
425 598 7
684 687 10
300 402 6
393 783 7
331 529 6
17 466 3
794 718 5
50 773 2
152 686 10
369 136 8
472 758 8
752 384 10
755 367 1
438 379 10
646 22 8
791 158 7
562 350 8
510 415 6
43 630 1
379 336 10
395 589 6
16 103 3
714 186 1
110 659 6
101 53 6
565 542 6
334 777 8
188 129 9
522 284 6
428 391 7
60 783 5
772 483 4
501 405 1
278 306 5
135 688 2
207 41 1
189 431 4
663 561 2
507 370 3
339 247 8
34 129 9
29 708 2
122 621 10
140 327 1
104 188 6
699 591 6
752 505 6
582 562 10
493 58 6
24 430 7
669 606 4
713 531 5
35 593 3
318 249 6
625 525 5
633 670 5
180 313 8
307 701 7
399 223 8
132 627 2
600 659 10
19 389 8
121 632 7
331 337 7
732 521 2
475 441 5
33 461 8
220 628 1
21 465 6
773 440 8
599 479 6
199 405 8
346 339 1
301 668 1
280 59 9
587 173 7
96 311 5
755 9 10
298 526 7
780 207 3
389 472 4
679 147 3
628 251 9
185 710 5
210 636 4
749 560 5
70 380 6
690 524 4
10 636 2
17 62 3
105 444 4
346 182 6
641 425 1
223 307 4
786 793 4
97 787 10
32 350 7
260 735 6
446 143 9
365 513 2
701 58 5
722 270 1
70 750 8
51 121 9
385 425 3
322 728 2
135 64 6
37 631 6
758 566 5
293 478 6
684 252 1
383 715 8
285 331 7
240 255 5
426 278 5
240 288 7
158 675 4
80 461 4
213 469 3
582 61 10
666 199 8
725 426 6
576 9 1
182 775 5
131 38 7
127 423 7
34 668 7
788 42 5
321 105 2
333 404 2
17 305 5
450 406 9
158 763 4
795 420 9
226 278 7
136 662 3
393 727 4
646 653 5
753 320 6
634 395 3
683 715 3
752 572 6
489 317 3
638 514 5
654 524 2
466 23 9
671 450 8
175 70 8
423 327 4
778 130 10
320 711 2
410 129 7
635 341 6
255 533 2
288 514 9
369 702 2
511 793 8
661 81 7
177 412 5
487 142 8
68 630 6
83 626 3
158 437 6
374 248 6
772 800 10

49
13 46 77 84 87 95 97 104 114 126 129 168 267 204 217 218 259 260 290 299 313 326 323 325 352 353 368 397 403 423 440 441 474 515 536 537 544 579 582 587 594 640 642 683 706 714 718 725 744

14
84 87
95 97
126 129
168 267
217 218
259 260
323 325
352 353
397 561
440 441
536 537
579 582
640 642
714 718
44 46
142 145
290 291
377 380
463 464
536 537
661 662
741 751
