160 620 50
1 160
1 94 4
1 41 2
1 16 3
1 13 10
1 9 10
1 6 1
1 2 3
1 3 7
1 4 10
2 151 8
2 21 4
2 17 9
2 3 10
2 4 7
3 31 7
3 30 2
3 24 3
3 4 3
4 44 1
4 92 1
4 40 6
4 35 6
4 32 5
5 6 4
5 7 8
5 8 10
6 7 4
6 8 1
7 8 9
9 10 3
9 11 4
10 11 6
12 13 5
12 14 10
12 15 1
13 14 3
13 15 3
14 15 9
18 19 1
18 20 3
18 21 2
18 22 6
19 20 7
19 21 4
19 22 4
20 21 1
20 22 6
21 22 6
23 24 7
23 25 2
23 26 9
23 27 4
23 28 6
23 29 4
24 25 6
24 26 4
24 27 10
24 28 6
24 29 2
25 26 10
25 27 4
25 28 3
25 29 1
26 27 3
26 28 5
26 29 3
27 28 3
27 29 5
28 29 3
33 34 10
33 35 1
33 36 7
33 37 1
34 35 9
34 36 2
34 37 9
35 36 10
35 37 10
36 37 4
38 39 8
38 40 8
39 40 4
41 151 7
41 94 7
41 53 8
41 52 7
41 49 10
41 47 2
41 42 3
41 43 9
41 44 4
41 45 2
42 96 6
42 151 2
42 74 3
42 71 1
42 69 10
42 66 9
42 64 1
42 63 8
42 58 1
42 43 8
42 44 10
42 45 8
43 79 7
43 44 1
43 45 2
44 87 4
44 86 9
44 45 10
45 90 7
46 47 8
48 49 3
50 51 2
50 52 10
51 52 1
53 54 8
53 55 4
53 56 4
53 57 8
54 55 2
54 56 6
54 57 4
55 56 1
55 57 5
56 57 5
58 59 9
58 60 3
59 60 5
61 62 6
61 63 8
62 63 6
64 65 7
67 68 6
67 69 1
67 70 4
68 69 7
68 70 10
69 70 7
72 73 9
72 74 2
72 75 4
72 76 7
72 77 1
72 78 3
73 74 2
73 75 6
73 76 10
73 77 5
73 78 2
74 75 2
74 76 3
74 77 4
74 78 7
75 76 1
75 77 3
75 78 1
76 77 2
76 78 1
77 78 10
79 80 8
79 81 7
80 81 3
82 83 10
82 84 4
82 85 5
82 86 8
83 84 7
83 85 1
83 86 8
84 85 5
84 86 2
85 86 2
88 89 4
88 90 2
89 90 9
91 107 7
91 100 7
91 99 3
91 97 2
91 92 9
91 93 8
91 94 9
91 95 2
91 96 3
92 119 4
92 116 8
92 113 7
92 109 4
92 93 4
92 94 3
92 95 10
92 96 4
93 151 4
93 128 1
93 123 4
93 122 2
93 94 7
93 95 1
93 96 5
94 151 8
94 134 1
94 131 9
94 95 10
94 96 7
95 144 6
95 143 3
95 140 10
95 96 9
96 150 6
96 146 7
97 98 10
100 101 1
100 102 7
100 103 9
101 102 9
101 103 1
102 103 5
104 105 10
104 106 1
104 107 8
104 108 10
105 106 6
105 107 9
105 108 2
106 107 1
106 108 8
107 108 5
109 110 6
109 111 6
110 111 9
112 113 4
112 114 9
112 115 4
113 114 9
113 115 1
114 115 7
116 117 8
118 119 3
118 120 8
119 120 5
121 122 1
123 124 3
123 125 2
123 126 4
123 127 5
124 125 8
124 126 4
124 127 10
125 126 5
125 127 6
126 127 1
128 129 6
130 131 7
130 132 10
131 132 4
133 134 1
133 135 5
134 135 8
136 137 1
136 138 6
136 139 6
136 140 3
136 141 1
137 138 5
137 139 7
137 140 2
137 141 1
138 139 10
138 140 6
138 141 10
139 140 4
139 141 7
140 141 6
142 143 9
145 146 3
145 147 10
145 148 10
145 149 1
146 147 7
146 148 2
146 149 10
147 148 2
147 149 9
148 149 2
151 160 3
151 156 9
151 154 7
152 153 10
152 154 6
153 154 10
155 156 10
155 157 6
155 158 4
156 157 10
156 158 8
157 158 7
159 160 3
93 43 3
45 1 1
93 101 9
1 34 10
4 106 5
93 58 7
41 154 2
45 18 2
94 116 2
3 130 5
44 138 7
2 102 2
91 80 8
4 58 6
1 50 3
94 63 8
3 35 8
44 37 6
92 127 5
45 147 8
92 17 10
2 12 1
93 106 1
95 31 6
96 113 1
44 154 10
95 130 2
91 72 5
41 72 10
91 21 5
45 149 1
91 58 7
41 73 1
4 101 1
96 71 3
43 78 1
1 17 5
4 131 4
42 138 4
43 131 3
1 61 10
45 39 8
91 17 2
94 119 10
94 129 3
4 114 8
93 67 2
151 147 6
94 105 4
44 39 6
2 6 7
151 105 5
91 88 2
45 155 1
4 126 6
45 115 2
44 123 3
41 120 5
93 107 10
95 136 6
93 156 2
2 26 10
44 129 7
1 10 9
96 70 10
42 47 5
93 110 2
43 34 2
3 27 2
41 64 8
93 28 6
3 149 5
91 23 8
92 121 4
1 37 6
43 26 5
41 57 6
96 82 5
43 116 10
3 152 10
1 64 2
95 142 9
92 29 8
42 142 8
92 64 1
41 101 4
1 75 7
4 69 7
43 7 7
92 12 10
92 126 2
96 67 10
96 85 9
94 135 5
43 38 1
151 8 2
2 140 4
44 152 5
91 55 10
96 12 9
45 114 10
1 147 9
42 67 2
92 74 8
96 90 6
94 15 9
92 18 5
43 90 4
42 150 9
151 12 1
151 54 4
44 104 7
4 26 9
43 35 4
94 34 10
4 57 8
3 143 4
4 119 4
96 133 8
3 25 5
2 133 6
2 19 9
41 61 8
42 106 10
151 90 1
92 144 6
93 105 9
94 24 9
94 69 4
45 25 3
45 56 10
95 37 9
41 66 8
45 154 5
3 98 3
95 90 3
45 71 10
151 28 10
43 85 9
3 49 8
95 153 5
96 18 5
1 140 10
93 62 1
42 88 10
95 132 8
151 143 5
95 62 1
95 108 8
3 101 1
95 124 7
96 154 7
95 58 7
45 110 7
4 78 4
2 31 4
2 129 2
151 32 3
45 107 10
3 67 5
91 150 6
3 129 6
84 123 10
101 117 7
59 34 4
116 120 1
106 36 5
58 49 1
18 154 10
56 159 2
18 90 4
15 116 5
17 65 1
130 120 3
152 138 5
143 68 10
102 106 6
62 80 1
130 98 8
58 6 1
136 50 2
23 127 2
63 23 5
6 113 1
37 146 7
104 127 5
50 56 4
147 6 5
7 17 3
118 136 7
60 106 2
34 58 4
31 50 4
146 113 8
61 124 10
154 142 4
79 130 4
129 39 7
72 143 1
22 72 2
150 23 4
21 145 1
141 149 3
5 25 10
58 89 10
139 73 4
155 31 2
101 156 5
28 71 5
97 133 9
78 63 3
58 17 2
7 10 10
131 103 2
39 150 6
138 157 6
118 131 7
18 153 6
58 9 6
83 61 10
141 145 3
39 35 10
74 17 1
54 61 6
160 76 9
72 119 3
129 142 9
48 114 7
28 16 7
67 55 2
30 147 3
158 81 3
105 141 3
152 39 6
134 50 4
6 97 10
159 105 9
40 152 5
88 57 5
97 155 3
126 131 7
133 115 10
35 27 6
123 38 8
137 120 4
48 15 6
107 113 10
46 136 8
120 90 8
156 130 5
18 26 6
98 127 6
129 73 9
21 10 1
107 131 10
70 40 6
34 47 6
61 65 3
110 150 2
121 34 3
27 69 5
27 148 2
23 64 5
60 72 8
28 8 3
107 149 5
99 128 7
23 101 10
127 121 10
102 67 7
37 58 1
137 26 10
18 102 6
57 19 6
116 14 2
18 152 6
152 29 8
64 61 4
67 142 9
16 116 8
29 48 6
115 142 10
36 51 3
64 36 5
150 101 3
127 6 1
75 14 5
124 69 9
105 37 6
7 116 10
29 12 9
110 10 2
126 109 10
48 67 8
21 80 6
72 149 3
128 85 3
103 19 10
135 39 1
22 156 1
57 27 10
38 104 4
35 8 1
126 77 4
140 144 9
64 152 5
10 67 2
55 40 8
106 12 10
63 49 8
114 57 10
72 148 7
147 106 6
107 67 2
110 22 4
74 119 6
10 90 8
150 119 3
15 53 3
13 18 2
8 74 1
90 146 7
23
13 19 21 23 28 37 41 53 58 60 79 88 90 94 134 106 107 123 131 132 148 149 151
9
19 21
23 28
41 151
58 60
88 90
94 134
106 107
131 132
148 149
44 45
53 57
67 69
91 95
101 103
